01100100
01100011
01100011
01100011
01100010
01100010
01100001
01100000
01011111
01011101
01011100
01011010
01011001
01010111
01010101
01010011
01010001
01001110
01001100
01001001
01000111
01000100
01000001
00111110
00111011
00110111
00110100
00110001
00101101
00101010
00100110
00100011
00011111
00011011
00011000
00010100
00010000
00001100
00001000
00000100
00000000
11111000
11111001
11110101
11110001
11101101
11101001
11100101
11100010
11011110
11011010
11010111
11010011
11010000
11001100
11001001
11000110
11000011
10111111
10111101
10111010
10110111
10110100
10110010
10101111
10101101
10101011
10101001
10100111
10100101
10100100
10100010
10100001
10100000
10011111
10011110
10011101
10011100
10011100
10011100
10011100
10011100
10011100
10011100
10011100
10011101
10011110
10011111
10100000
10100001
10100010
10100100
10100110
10100111
10101001
10101011
10101101
10110000
10110010
10110101
10110111
10111010
10111101
10000000
11000011
11000110
11001001
11001101
11010000
11010100
11010111
11011011
11011110
11100010
11100110
11101010
11101101
11110001
11110101
11111001
11111101
00000001
00000101
00001001
00001101
00010000
00010100
00011000
00011100
00100000
00100011
00100111
00101010
00101110
00110001
00110101
00111000
00111011
00111110
01000001
01000100
01000111
01001010
01001100
01001111
01010001
01010011
01010101
01010111
01011001
01011011
01011100
01011110
01011111
01100000
01100001
01100010
01100010
01100011
01100011
01100011
01100011
01100011
01100011
01100011
01100010
01100001
01100001
01100000
01011110
01011101
01011100
01011010
01011000
01010111
01010101
01010010
01010000
01001110
01001011
01001001
01000110
01000011
01000000
00111101
00111010
00110111
00110100
00110000
00101101
00101001
00100110
00100010
00011110
00011011
00010111
00010011
00001111
00001011
00001000
00000100
00000000
11111000
11110000
11110100
11100000
11101100
11101001
11100101
11100001
11011101
11011010
11010110
11010011
11001111
11001100
11001000
11000101
11000010
10111111
10111100
10111001
10110111
10110100
10110001
10101111
10101101
10101011
10101001
10100111
10100101
10100011
10100010
10100001
10100000
10011110
10011110
10011101
10011100
10011100
10011100
10011100
10011100
10011100
10011100
10011101
10011101
10011110
10011111
10100000
10100001
10100011
10100100
10100110
10101000
10101010
